6.686
6.216
6.294
6.428
6.558
6.552
6.552
6.557
6.686
6.618
6.548
6.641
6.632
6.611
6.615
0.313
6.528
6.598
6.621
6.590
6.621
6.545
6.615
6.608
6.545
6.653
6.533
6.351
6.578
6.562
6.604
6.753
6.634
6.968
6.699
6.614
6.637
7.163
6.772
6.701
6.909
6.857
6.635
6.686
6.894
6.935
6.935
6.677
6.832
6.837
6.837
0.313
6.590
6.700
6.903
6.591
6.686
6.552
6.860
6.752
6.683
6.797
6.615
6.670
6.696
6.877
6.603
6.647
6.910
6.408
6.647
6.647
6.920
6.603
6.603
6.843
6.670
6.670
6.670
6.500
0.313
6.603
6.647
6.568
6.647
6.647
6.585
6.795
6.647
6.079
6.194
6.603
6.603
6.174
6.662
6.670
6.843
6.670
6.670
6.626
6.809
6.680
6.647
6.901
5.639
5.639
5.639
6.433
6.120
0.313
5.870
5.455
5.639
6.686
5.661
6.574
6.587
5.944
5.639
5.639
5.639
5.854
6.647
5.714
5.146
6.626
6.647
6.647
5.062
5.629
5.639
5.030
5.572
5.038
5.639